0 0
0.078539816339744827899949086713604629039764404296875 0.000484466928397525001433188140964603007887490093708038330078125
0.15707963267948965579989817342720925807952880859375 0.0038749981939748402541556782097131872433237731456756591796875
0.235619449019234483699847260140813887119293212890625 0.01306734670789221931797019493615152896381914615631103515625
0.3141592653589793115997963468544185161590576171875 0.0309058937170034984942557088061221293173730373382568359375
0.392699081698724139499745433568023145198822021484375 0.060082475860300250947165778825365123338997364044189453125
0.47123889803846896739969452028162777423858642578125 0.1029511648013282376634691672734334133565425872802734375
0.549778714378213795299643606995232403278350830078125 0.1612492928299677219516894410844543017446994781494140625
0.628318530717958623199592693708837032318115234375 0.235743043521456974165317888036952354013919830322265625
0.706858347057703451099541780422441661357879638671875 0.32585886138112785115339420372038148343563079833984375
0.78539816339744827899949086713604629039764404296875 0.429410550896797083009204243353451602160930633544921875
